
Logistic Regression
Elapsed Time:  8.9
Jaccard: 0.505
F1 (macro): 0.55
F1 (micro): 0.632
Confusion matrix:
anger
[0.55 0.1  0.11 0.24]
anticipation
[0.72 0.14 0.08 0.06]
disgust
[0.53 0.11 0.12 0.24]
fear
[0.8  0.07 0.03 0.1 ]
joy
[0.46 0.09 0.1  0.35]
love
[0.75 0.1  0.05 0.1 ]
optimism
[0.52 0.13 0.1  0.25]
pessimism
[0.78 0.11 0.06 0.06]
sadness
[0.59 0.11 0.12 0.18]
surprise
[0.93 0.03 0.02 0.02]
trust
[0.9  0.05 0.04 0.01]
Measures:
precision
[0.71 0.29 0.68 0.61 0.79 0.5  0.66 0.34 0.62 0.39 0.18]
recall
[0.69 0.4  0.66 0.76 0.78 0.65 0.72 0.5  0.6  0.43 0.23]
F-measure
[0.7  0.33 0.67 0.68 0.78 0.56 0.69 0.41 0.61 0.41 0.2 ]
support
[315 124 319 121 400 132 307 100 265  35  43]
--------------------------------

Support Vector Classification
Elapsed Time:  107.528
Jaccard: 0.489
F1 (macro): 0.465
F1 (micro): 0.62
Confusion matrix:
anger
[0.56 0.08 0.13 0.23]
anticipation
[0.84 0.02 0.13 0.01]
disgust
[0.55 0.09 0.14 0.22]
fear
[0.83 0.03 0.06 0.08]
joy
[0.48 0.07 0.13 0.32]
love
[0.83 0.02 0.08 0.07]
optimism
[0.57 0.08 0.13 0.21]
pessimism
[0.88 0.01 0.09 0.02]
sadness
[0.65 0.05 0.15 0.15]
surprise
[0.96 0.   0.03 0.  ]
trust
[0.95 0.   0.05 0.  ]
Measures:
precision
[0.73 0.32 0.7  0.72 0.82 0.75 0.72 0.64 0.73 1.   0.  ]
recall
[0.63 0.06 0.6  0.59 0.71 0.46 0.62 0.16 0.49 0.11 0.  ]
F-measure
[0.68 0.1  0.65 0.65 0.76 0.57 0.66 0.26 0.59 0.21 0.  ]
support
[315 124 319 121 400 132 307 100 265  35  43]
--------------------------------

Naive Bayes
Elapsed Time:  3.399
Jaccard: 0.236
F1 (macro): 0.197
F1 (micro): 0.353
Confusion matrix:
anger
[0.63 0.02 0.24 0.12]
anticipation
[0.86 0.   0.14 0.  ]
disgust
[0.62 0.02 0.25 0.11]
fear
[0.86 0.   0.13 0.01]
joy
[0.54 0.01 0.25 0.2 ]
love
[0.85 0.   0.15 0.  ]
optimism
[0.65 0.01 0.28 0.06]
pessimism
[0.89 0.   0.11 0.  ]
sadness
[0.7  0.   0.26 0.04]
surprise
[0.96 0.   0.04 0.  ]
trust
[0.95 0.   0.05 0.  ]
Measures:
precision
[0.88 0.   0.84 1.   0.95 1.   0.89 0.   1.   0.   0.  ]
recall
[0.33 0.   0.3  0.05 0.44 0.01 0.19 0.   0.13 0.   0.  ]
F-measure
[0.48 0.   0.44 0.09 0.6  0.02 0.31 0.   0.23 0.   0.  ]
support
[315 124 319 121 400 132 307 100 265  35  43]
--------------------------------

Perceptron
Elapsed Time:  4.405
Jaccard: 0.434
F1 (macro): 0.474
F1 (micro): 0.569
Confusion matrix:
anger
[0.5  0.14 0.12 0.24]
anticipation
[0.72 0.14 0.1  0.04]
disgust
[0.5  0.14 0.13 0.23]
fear
[0.75 0.11 0.03 0.1 ]
joy
[0.45 0.1  0.12 0.33]
love
[0.73 0.12 0.06 0.09]
optimism
[0.54 0.12 0.15 0.2 ]
pessimism
[0.74 0.15 0.06 0.05]
sadness
[0.54 0.16 0.12 0.18]
surprise
[0.93 0.03 0.03 0.01]
trust
[0.9  0.06 0.04 0.01]
Measures:
precision
[0.63 0.21 0.62 0.47 0.78 0.43 0.63 0.26 0.53 0.26 0.11]
recall
[0.67 0.27 0.63 0.74 0.74 0.6  0.57 0.45 0.6  0.26 0.14]
F-measure
[0.65 0.24 0.62 0.58 0.75 0.5  0.6  0.33 0.56 0.26 0.12]
support
[315 124 319 121 400 132 307 100 265  35  43]
--------------------------------

Decision Tree
Elapsed Time:  23.467
Jaccard: 0.381
F1 (macro): 0.439
F1 (micro): 0.516
Confusion matrix:
anger
[0.51 0.13 0.15 0.2 ]
anticipation
[0.68 0.18 0.1  0.04]
disgust
[0.49 0.15 0.17 0.19]
fear
[0.79 0.07 0.04 0.1 ]
joy
[0.41 0.14 0.15 0.3 ]
love
[0.76 0.1  0.07 0.08]
optimism
[0.51 0.14 0.15 0.19]
pessimism
[0.75 0.14 0.07 0.04]
sadness
[0.55 0.15 0.13 0.17]
surprise
[0.87 0.09 0.03 0.01]
trust
[0.87 0.08 0.04 0.01]
Measures:
precision
[0.6  0.19 0.55 0.57 0.69 0.45 0.58 0.22 0.52 0.13 0.1 ]
recall
[0.57 0.29 0.52 0.7  0.66 0.52 0.55 0.34 0.57 0.34 0.19]
F-measure
[0.58 0.23 0.54 0.63 0.67 0.48 0.57 0.27 0.55 0.19 0.13]
support
[315 124 319 121 400 132 307 100 265  35  43]
--------------------------------

Random Forest
Elapsed Time:  73.076
Jaccard: 0.382
F1 (macro): 0.373
F1 (micro): 0.521
Confusion matrix:
anger
[0.61 0.03 0.2  0.16]
anticipation
[0.86 0.   0.14 0.  ]
disgust
[0.6  0.04 0.22 0.14]
fear
[0.85 0.02 0.06 0.07]
joy
[0.5  0.05 0.17 0.28]
love
[0.84 0.01 0.12 0.03]
optimism
[0.6  0.05 0.21 0.14]
pessimism
[0.88 0.   0.1  0.01]
sadness
[0.67 0.03 0.19 0.11]
surprise
[0.96 0.   0.04 0.  ]
trust
[0.95 0.   0.05 0.  ]
Measures:
precision
[0.83 0.   0.77 0.8  0.86 0.82 0.74 0.73 0.78 1.   0.  ]
recall
[0.45 0.   0.4  0.54 0.62 0.21 0.39 0.08 0.35 0.09 0.  ]
F-measure
[0.58 0.   0.53 0.64 0.72 0.34 0.51 0.14 0.49 0.16 0.  ]
support
[315 124 319 121 400 132 307 100 265  35  43]
--------------------------------
