
DL
Elapsed Time:  15.878
Jaccard: 0.546
F1 (macro): 0.463
F1 (micro): 0.669
Confusion matrix:
anger
[0.57 0.08 0.09 0.27]
anticipation
[0.86 0.   0.14 0.  ]
disgust
[0.54 0.1  0.1  0.26]
fear
[0.84 0.02 0.05 0.09]
joy
[0.5  0.05 0.1  0.35]
love
[0.83 0.02 0.09 0.05]
optimism
[0.56 0.09 0.09 0.25]
pessimism
[0.88 0.   0.1  0.01]
sadness
[0.66 0.04 0.16 0.14]
surprise
[0.96 0.   0.04 0.  ]
trust
[0.95 0.   0.05 0.  ]
Measures:
precision
[0.78 1.   0.72 0.79 0.88 0.73 0.73 0.7  0.79 1.   0.  ]
recall
[0.76 0.01 0.72 0.65 0.77 0.36 0.73 0.07 0.48 0.06 0.  ]
F-measure
[0.77 0.02 0.72 0.71 0.82 0.48 0.73 0.13 0.6  0.11 0.  ]
support
[315 124 319 121 400 132 307 100 265  35  43]
--------------------------------
